milliseconds	Werte
22440	0
22440	
19254;0;0;0
19249;0;1;Sollwinkel3.1976925224039
22499	0
22499	
19312;0;0;0
19305;0;1;Sollwinkel3.1976925224039
22557	0
22557	
19369;0;0;0
19363;0;1;Sollwinkel3.1976925224039
22614	0
22614	
19428;0;0;0
19426;0;1;Sollwinkel3.1976925224039
22668	0
22668	
19482;0;0;0
19480;0;1;Sollwinkel3.1976925224039
22724	0
22724	
19537;0;0;0
19535;0;1;Sollwinkel3.1976925224039
22778	0
22778	
19592;0;0;0
19589;0;1;Sollwinkel3.1976925224039
22832	0
22832	
19646;0;0;0
19643;0;1;Sollwinkel3.1976925224039
22886	0
22886	
19700;0;0;0
19697;0;1;Sollwinkel3.1976925224039
22943	0
22943	
19754;0;0;0
19751;0;1;Sollwinkel3.1976925224039
22994	0
22994	
19808;0;0;0
19805;0;1;Sollwinkel3.1976925224039
23048	0
23048	
19862;0;0;0
19859;0;1;Sollwinkel3.1976925224039
23102	0
23102	
19916;0;0;0
19913;0;1;Sollwinkel3.1976925224039
23156	0
23156	
19970;0;0;0
19967;0;1;Sollwinkel3.1976925224039
23210	0
23210	
20024;0;0;0
20021;0;1;Sollwinkel3.1976925224039
23264	0
23264	
20078;0;0;0
20075;0;1;Sollwinkel3.1976925224039
23328	0
23328	
20132;0;0;0
20129;0;1;Sollwinkel3.1976925224039
23372	0
23372	
20186;0;0;0
20183;0;1;Sollwinkel3.1976925224039
23426	0
23426	
20240;0;0;0
20237;0;1;Sollwinkel3.1976925224039
23482	0
23482	
20294;0;0;0
20291;0;1;Sollwinkel3.1976925224039
23536	0
23536	
20348;0;0;0
20345;0;1;Sollwinkel3.1976925224039
23590	0
23590	
20402;0;0;0
20399;0;1;Sollwinkel3.1976925224039
23644	0
23644	
20457;0;0;0
20453;0;1;Sollwinkel3.1976925224039
23707	0
23707	
20518;0;0;0
20514;0;1;Sollwinkel3.1976925224039
23758	0
23758	
20572;0;0;0
20569;0;1;Sollwinkel3.1976925224039
23812	0
23812	
20626;0;0;0
20623;0;1;Sollwinkel3.1976925224039
23866	0
23866	
20680;0;0;0
20677;0;1;Sollwinkel3.1976925224039
23920	0
23920	
20734;0;0;0
20731;0;1;Sollwinkel3.1976925224039
23979	0
23979	
20788;0;0;0
20785;0;1;Sollwinkel3.1976925224039
24032	0
24032	
20842;0;0;0
20839;0;1;Sollwinkel3.1976925224039
24082	0
24082	
20896;0;0;0
20893;0;1;Sollwinkel3.1976925224039
24136	0
24136	
20950;0;0;0
20947;0;1;Sollwinkel3.1976925224039
24190	0
24190	
21004;0;0;0
21001;0;1;Sollwinkel3.1976925224039
24244	0
24244	
21058;0;0;0
21055;0;1;Sollwinkel3.1976925224039
24298	0
24298	
21112;0;0;0
21109;0;1;Sollwinkel3.1976925224039
24352	0
24352	
21166;0;0;0
21163;0;1;Sollwinkel3.1976925224039
24415	0
24415	
21220;0;0;0
21217;0;1;Sollwinkel3.1976925224039
24462	0
24462	
21274;0;0;0
21271;0;1;Sollwinkel3.1976925224039
24516	0
24516	
21328;0;0;0
21325;0;1;Sollwinkel3.1976925224039
24570	0
24570	
21382;0;0;0
21379;0;1;Sollwinkel3.1976925224039
24624	0
24624	
21437;0;0;0
21433;0;1;Sollwinkel3.1976925224039
24679	0
24679	
21492;0;0;0
21488;0;1;Sollwinkel3.1976925224039
24732	0
24732	
21546;0;0;0
21543;0;1;Sollwinkel3.1976925224039
24792	0
24792	
21600;0;0;0
21597;0;1;Sollwinkel3.1976925224039
24840	0
24840	
21654;0;0;0
21651;0;1;Sollwinkel3.1976925224039
24894	0
24894	
21708;0;0;0
21705;0;1;Sollwinkel3.1976925224039
24948	0
24948	
21762;0;0;0
21759;0;1;Sollwinkel3.1976925224039
25002	0
25002	
21816;0;0;0
21813;0;1;Sollwinkel3.1976925224039
25056	0
25056	
21870;0;0;0
21867;0;1;Sollwinkel3.1976925224039
25110	0
25110	
21924;0;0;0
21921;0;1;Sollwinkel3.1976925224039
25164	0
25164	
21978;0;0;0
21975;0;1;Sollwinkel3.1976925224039
25218	0
25218	
22032;0;0;0
22029;0;1;Sollwinkel3.1976925224039
25272	0
25272	
22086;0;0;0
22083;0;1;Sollwinkel3.1976925224039
25326	0
25326	
22140;0;0;0
22137;0;1;Sollwinkel3.1976925224039
25380	0
25380	
22194;0;0;0
22191;0;1;Sollwinkel3.1976925224039
25434	0
25434	
22248;0;0;0
22245;0;1;Sollwinkel3.1976925224039
25494	0
25494	
22302;0;0;0
22299;0;1;Sollwinkel3.1976925224039
25544	0
25544	
22356;0;0;0
22353;0;1;Sollwinkel3.1976925224039
25598	0
25598	
22410;0;0;0
22407;0;1;Sollwinkel3.1976925224039
25652	0
25652	
22464;0;0;0
22461;0;1;Sollwinkel3.1976925224039
25706	0
25706	
22519;0;0;0
22515;0;1;Sollwinkel3.1976925224039
25761	0
25761	
22574;0;0;0
22570;0;1;Sollwinkel3.1976925224039
25814	0
25814	
22628;0;0;0
22625;0;1;Sollwinkel3.1976925224039
25873	0
25873	
22682;0;0;0
22679;0;1;Sollwinkel3.1976925224039
25922	0
25922	
22736;0;0;0
22733;0;1;Sollwinkel3.1976925224039
25976	0
25976	
22790;0;0;0
22787;0;1;Sollwinkel3.1976925224039
26030	0
26030	
22844;0;0;0
22841;0;1;Sollwinkel3.1976925224039
26084	0
26084	
22898;0;0;0
22895;0;1;Sollwinkel3.1976925224039
26138	0
26138	
22952;0;0;0
22949;0;1;Sollwinkel3.1976925224039
26192	0
26192	
23006;0;0;0
23003;0;1;Sollwinkel3.1976925224039
26254	0
26254	
23065;0;0;0
23061;0;1;Sollwinkel3.1976925224039
26305	0
26305	
23119;0;0;0
23116;0;1;Sollwinkel3.1976925224039
26359	0
26359	
23173;0;0;0
23170;0;1;Sollwinkel3.1976925224039
26413	0
26413	
23227;0;0;0
23224;0;1;Sollwinkel3.1976925224039
26467	0
26467	
23281;0;0;0
23278;0;1;Sollwinkel3.1976925224039
26523	0
26523	
23335;0;0;0
23332;0;1;Sollwinkel3.1976925224039
26589	0
26589	
23389;0;0;0
23386;0;1;Sollwinkel3.1976925224039
26631	0
26631	
23443;0;0;0
23440;0;1;Sollwinkel3.1976925224039
26685	0
26685	
23498;0;0;0
23494;0;1;Sollwinkel3.1976925224039
26740	0
26740	
23553;0;0;0
23549;0;1;Sollwinkel3.1976925224039
26793	0
26793	
23607;0;0;0
23604;0;1;Sollwinkel3.1976925224039
26847	0
26847	
23661;0;0;0
23658;0;1;Sollwinkel3.1976925224039
26901	0
26901	
23715;0;0;0
23712;0;1;Sollwinkel3.1976925224039
26963	0
26963	
23775;0;0;0
23771;0;1;Sollwinkel3.1976925224039
27015	0
27015	
23829;0;0;0
23826;0;1;Sollwinkel3.1976925224039
27069	0
27069	
23883;0;0;0
23880;0;1;Sollwinkel3.1976925224039
27123	0
27123	
23937;0;0;0
23934;0;1;Sollwinkel3.1976925224039
27177	0
27177	
23991;0;0;0
23988;0;1;Sollwinkel3.1976925224039
27231	0
27231	
24045;0;0;0
24042;0;1;Sollwinkel3.1976925224039
27290	0
27290	
24099;0;0;0
24096;0;1;Sollwinkel3.1976925224039
27346	0
27346	
24153;0;0;0
24150;0;1;Sollwinkel3.1976925224039
27393	0
27393	
24207;0;0;0
24204;0;1;Sollwinkel3.1976925224039
27447	0
27447	
24261;0;0;0
24258;0;1;Sollwinkel3.1976925224039
27509	0
27509	
24315;0;0;0
24312;0;1;Sollwinkel3.1976925224039
27557	0
27557	
24369;0;0;0
24366;0;1;Sollwinkel3.1976925224039
27611	0
27611	
24423;0;0;0
24420;0;1;Sollwinkel3.1976925224039
27669	0
27669	
24478;0;0;0
24474;0;1;Sollwinkel3.1976925224039
27720	0
27720	
24533;0;0;0
24529;0;1;Sollwinkel3.1976925224039
27774	0
27774	
24588;0;0;0
24585;0;1;Sollwinkel3.1976925224039
27828	0
27828	
24642;0;0;0
24639;0;1;Sollwinkel3.1976925224039
27882	0
27882	
24696;0;0;0
24693;0;1;Sollwinkel3.1976925224039
27936	0
27936	
24750;0;0;0
24747;0;1;Sollwinkel3.1976925224039
27990	0
27990	
24804;0;0;0
24801;0;1;Sollwinkel3.1976925224039
28051	0
28051	
24858;0;0;0
24855;0;1;Sollwinkel3.1976925224039
28098	0
28098	
24912;0;0;0
24909;0;1;Sollwinkel3.1976925224039
28152	0
28152	
24966;0;0;0
24963;0;1;Sollwinkel3.1976925224039
28206	0
28206	
25020;0;0;0
25017;0;1;Sollwinkel3.1976925224039
28260	0
28260	
25074;0;0;0
25071;0;1;Sollwinkel3.1976925224039
28314	0
28314	
25128;0;0;0
25125;0;1;Sollwinkel3.1976925224039
28368	0
28368	
25182;0;0;0
25179;0;1;Sollwinkel3.1976925224039
28432	0
28432	
25242;0;0;0
25238;0;1;Sollwinkel3.1976925224039
28484	0
28484	
25296;0;0;0
25293;0;1;Sollwinkel3.1976925224039
28538	0
28538	
25351;0;0;0
25347;0;1;Sollwinkel3.1976925224039
28593	0
28593	
25406;0;0;0
25402;0;1;Sollwinkel3.1976925224039
28646	0
28646	
25460;0;0;0
25457;0;1;Sollwinkel3.1976925224039
28700	0
28700	
25514;0;0;0
25511;0;1;Sollwinkel3.1976925224039
28754	0
28754	
25568;0;0;0
25565;0;1;Sollwinkel3.1976925224039
28816	0
28816	
25622;0;0;0
25619;0;1;Sollwinkel3.1976925224039
28862	0
28862	
25676;0;0;0
25673;0;1;Sollwinkel3.1976925224039
28916	0
28916	
25730;0;0;0
25727;0;1;Sollwinkel3.1976925224039
28970	0
28970	
25784;0;0;0
25781;0;1;Sollwinkel3.1976925224039
29024	0
29024	
25838;0;0;0
25835;0;1;Sollwinkel3.1976925224039
29078	0
29078	
25892;0;0;0
25889;0;1;Sollwinkel3.1976925224039
29137	0
29137	
25946;0;0;0
25943;0;1;Sollwinkel3.1976925224039
29193	0
29193	
26000;0;0;0
25997;0;1;Sollwinkel3.1976925224039
29240	0
29240	
26054;0;0;0
26051;0;1;Sollwinkel3.1976925224039
29294	0
29294	
26108;0;0;0
26105;0;1;Sollwinkel3.1976925224039
29348	0
29348	
26162;0;0;0
26159;0;1;Sollwinkel3.1976925224039
29404	0
29404	
26216;0;0;0
26213;0;1;Sollwinkel3.1976925224039
29458	0
29458	
26270;0;0;0
26267;0;1;Sollwinkel3.1976925224039
29519	0
29519	
26324;0;0;0
26321;0;1;Sollwinkel3.1976925224039
29566	0
29566	
26379;0;0;0
26375;0;1;Sollwinkel3.1976925224039
29621	0
29621	
26434;0;0;0
26430;0;1;Sollwinkel3.1976925224039
29674	0
29674	
26488;0;0;0
26485;0;1;Sollwinkel3.1976925224039
29728	0
29728	
26542;0;0;0
26539;0;1;Sollwinkel3.1976925224039
29782	0
29782	
26596;0;0;0
26593;0;1;Sollwinkel3.1976925224039
29836	0
29836	
26650;0;0;0
26647;0;1;Sollwinkel3.1976925224039
29901	0
29901	
26704;0;0;0
26701;0;1;Sollwinkel3.1976925224039
29944	0
29944	
26758;0;0;0
26755;0;1;Sollwinkel3.1976925224039
29998	0
29998	
26812;0;0;0
26809;0;1;Sollwinkel3.1976925224039
30052	0
30052	
26866;0;0;0
26863;0;1;Sollwinkel3.1976925224039
30106	0
30106	
26920;0;0;0
26917;0;1;Sollwinkel3.1976925224039
30160	0
30160	
26974;0;0;0
26971;0;1;Sollwinkel3.1976925224039
30214	0
30214	
27028;0;0;0
27025;0;1;Sollwinkel3.1976925224039
30282	0
30282	
27088;0;0;0
27084;0;1;Sollwinkel3.1976925224039
30330	0
30330	
27142;0;0;0
27139;0;1;Sollwinkel3.1976925224039
30384	0
30384	
27196;0;0;0
27193;0;1;Sollwinkel3.1976925224039
30438	0
30438	
27250;0;0;0
27247;0;1;Sollwinkel3.1976925224039
30492	0
30492	
27305;0;0;0
27301;0;1;Sollwinkel3.1976925224039
30547	0
30547	
27360;0;0;0
27356;0;1;Sollwinkel3.1976925224039
30612	0
30612	
27414;0;0;0
27411;0;1;Sollwinkel3.1976925224039
30654	0
30654	
27468;0;0;0
27465;0;1;Sollwinkel3.1976925224039
30708	0
30708	
27522;0;0;0
27519;0;1;Sollwinkel3.1976925224039
30762	0
30762	
27576;0;0;0
27573;0;1;Sollwinkel3.1976925224039
30816	0
30816	
27630;0;0;0
27627;0;1;Sollwinkel3.1976925224039
30879	0
30879	
27684;0;0;0
27681;0;1;Sollwinkel3.1976925224039
30924	0
30924	
27738;0;0;0
27735;0;1;Sollwinkel3.1976925224039
30989	0
30989	
27792;0;0;0
27789;0;1;Sollwinkel3.1976925224039
31032	0
31032	
27846;0;0;0
27843;0;1;Sollwinkel3.1976925224039
31086	0
31086	
27900;0;0;0
27897;0;1;Sollwinkel3.1976925224039
31140	0
31140	
27954;0;0;0
27951;0;1;Sollwinkel3.1976925224039
31194	0
31194	
28008;0;0;0
28005;0;1;Sollwinkel3.1976925224039
31248	0
31248	
28062;0;0;0
28059;0;1;Sollwinkel3.1976925224039
31302	0
31302	
28116;0;0;0
28113;0;1;Sollwinkel3.1976925224039
31358	0
31358	
28170;0;0;0
28167;0;1;Sollwinkel3.1976925224039
31412	0
31412	
28224;0;0;0
28221;0;1;Sollwinkel3.1976925224039
31466	0
31466	
28278;0;0;0
28275;0;1;Sollwinkel3.1976925224039
31520	0
31520	
28333;0;0;0
28329;0;1;Sollwinkel3.1976925224039
31575	0
31575	
28388;0;0;0
28384;0;1;Sollwinkel3.1976925224039
31628	0
31628	
28442;0;0;0
28439;0;1;Sollwinkel3.1976925224039
31688	0
31688	
28496;0;0;0
28493;0;1;Sollwinkel3.1976925224039
31736	0
31736	
28550;0;0;0
28547;0;1;Sollwinkel3.1976925224039
31790	0
31790	
28604;0;0;0
28601;0;1;Sollwinkel3.1976925224039
31844	0
31844	
28658;0;0;0
28655;0;1;Sollwinkel3.1976925224039
31898	0
31898	
28712;0;0;0
28709;0;1;Sollwinkel3.1976925224039
31952	0
31952	
28766;0;0;0
28763;0;1;Sollwinkel3.1976925224039
32006	0
32006	
28820;0;0;0
28817;0;1;Sollwinkel3.1976925224039
32068	0
32068	
28880;0;0;0
28876;0;1;Sollwinkel3.1976925224039
32120	0
32120	
28934;0;0;0
28931;0;1;Sollwinkel3.1976925224039
32174	0
32174	
28988;0;0;0
28985;0;1;Sollwinkel3.1976925224039
32228	0
32228	
29042;0;0;0
29039;0;1;Sollwinkel3.1976925224039
32282	0
32282	
29096;0;0;0
29093;0;1;Sollwinkel3.1976925224039
32338	0
32338	
29150;0;0;0
29147;0;1;Sollwinkel3.1976925224039
32403	0
32403	
29204;0;0;0
29201;0;1;Sollwinkel3.1976925224039
32446	0
32446	
29258;0;0;0
29255;0;1;Sollwinkel3.1976925224039
32500	0
32500	
29313;0;0;0
29309;0;1;Sollwinkel3.1976925224039
32555	0
32555	
29368;0;0;0
29364;0;1;Sollwinkel3.1976925224039
32608	0
32608	
29422;0;0;0
29419;0;1;Sollwinkel3.1976925224039
32669	0
32669	
29476;0;0;0
29473;0;1;Sollwinkel3.1976925224039
32716	0
32716	
29530;0;0;0
29527;0;1;Sollwinkel3.1976925224039
32770	0
32770	
29584;0;0;0
29581;0;1;Sollwinkel3.1976925224039
32824	0
32824	
29638;0;0;0
29635;0;1;Sollwinkel3.1976925224039
32878	0
32878	
29692;0;0;0
29689;0;1;Sollwinkel3.1976925224039
32932	0
32932	
29746;0;0;0
29743;0;1;Sollwinkel3.1976925224039
32992	0
32992	
29800;0;0;0
29797;0;1;Sollwinkel3.1976925224039
33040	0
33040	
29854;0;0;0
29851;0;1;Sollwinkel3.1976925224039
33094	0
33094	
29908;0;0;0
29905;0;1;Sollwinkel3.1976925224039
33148	0
33148	
29962;0;0;0
29959;0;1;Sollwinkel3.1976925224039
33202	0
33202	
30016;0;0;0
30013;0;1;Sollwinkel3.1976925224039
33256	0
33256	
30070;0;0;0
30067;0;1;Sollwinkel3.1976925224039
33310	0
33310	
30124;0;0;0
30121;0;1;Sollwinkel3.1976925224039
33373	0
33373	
30184;0;0;0
30180;0;1;Sollwinkel3.1976925224039
33426	0
33426	
30239;0;0;0
30235;0;1;Sollwinkel3.1976925224039
33481	0
33481	
30294;0;0;0
30290;0;1;Sollwinkel3.1976925224039
33534	0
33534	
30348;0;0;0
30345;0;1;Sollwinkel3.1976925224039
33588	0
33588	
30402;0;0;0
30399;0;1;Sollwinkel3.1976925224039
33642	0
33642	
30456;0;0;0
30453;0;1;Sollwinkel3.1976925224039
33709	0
33709	
30510;0;0;0
30507;0;1;Sollwinkel3.1976925224039
33750	0
33750	
30564;0;0;0
30561;0;1;Sollwinkel3.1976925224039
33804	0
33804	
30618;0;0;0
30615;0;1;Sollwinkel3.1976925224039
33858	0
33858	
30672;0;0;0
30669;0;1;Sollwinkel3.1976925224039
33912	0
33912	
30726;0;0;0
30723;0;1;Sollwinkel3.1976925224039
33966	0
33966	
30780;0;0;0
30777;0;1;Sollwinkel3.1976925224039
34020	0
34020	
30834;0;0;0
30831;0;1;Sollwinkel3.1976925224039
34074	0
34074	
30888;0;0;0
30885;0;1;Sollwinkel3.1976925224039
34128	0
34128	
30942;0;0;0
30939;0;1;Sollwinkel3.1976925224039
34182	0
34182	
30996;0;0;0
30993;0;1;Sollwinkel3.1976925224039
34236	0
34236	
31050;0;0;0
31047;0;1;Sollwinkel3.1976925224039
34292	0
34292	
31104;0;0;0
31101;0;1;Sollwinkel3.1976925224039
34346	0
34346	
31158;0;0;0
31155;0;1;Sollwinkel3.1976925224039
34413	0
34413	
31212;0;0;0
31209;0;1;Sollwinkel3.1976925224039
34454	0
34454	
31267;0;0;0
31263;0;1;Sollwinkel3.1976925224039
34509	0
34509	
31322;0;0;0
31318;0;1;Sollwinkel3.1976925224039
34562	0
34562	
31376;0;0;0
31373;0;1;Sollwinkel3.1976925224039
34616	0
34616	
31430;0;0;0
31427;0;1;Sollwinkel3.1976925224039
34670	0
34670	
31484;0;0;0
31481;0;1;Sollwinkel3.1976925224039
34724	0
34724	
31538;0;0;0
31535;0;1;Sollwinkel3.1976925224039
34786	0
34786	
31598;0;0;0
31594;0;1;Sollwinkel3.1976925224039
34838	0
34838	
31652;0;0;0
31649;0;1;Sollwinkel3.1976925224039
34892	0
34892	
31706;0;0;0
31703;0;1;Sollwinkel3.1976925224039
34946	0
34946	
31760;0;0;0
31757;0;1;Sollwinkel3.1976925224039
35000	0
35000	
31814;0;0;0
31811;0;1;Sollwinkel3.1976925224039
35054	0
35054	
31868;0;0;0
31865;0;1;Sollwinkel3.1976925224039
35115	0
35115	
31922;0;0;0
31919;0;1;Sollwinkel3.1976925224039
35162	0
35162	
31976;0;0;0
31973;0;1;Sollwinkel3.1976925224039
35216	0
35216	
32030;0;0;0
32027;0;1;Sollwinkel3.1976925224039
35272	0
35272	
32084;0;0;0
32081;0;1;Sollwinkel3.1976925224039
35326	0
35326	
32138;0;0;0
32135;0;1;Sollwinkel3.1976925224039
35380	0
35380	
32192;0;0;0
32189;0;1;Sollwinkel3.1976925224039
35434	0
35434	
32247;0;0;0
32243;0;1;Sollwinkel3.1976925224039
35489	0
35489	
32302;0;0;0
32298;0;1;Sollwinkel3.1976925224039
35542	0
35542	
32356;0;0;0
32353;0;1;Sollwinkel3.1976925224039
35596	0
35596	
32410;0;0;0
32407;0;1;Sollwinkel3.1976925224039
35650	0
35650	
32464;0;0;0
32461;0;1;Sollwinkel3.1976925224039
35704	0
35704	
32518;0;0;0
32515;0;1;Sollwinkel3.1976925224039
35758	0
35758	
32572;0;0;0
32569;0;1;Sollwinkel3.1976925224039
35824	0
35824	
32626;0;0;0
32623;0;1;Sollwinkel3.1976925224039
35866	0
35866	
32680;0;0;0
32677;0;1;Sollwinkel3.1976925224039
35920	0
35920	
32734;0;0;0
32731;0;1;Sollwinkel3.1976925224039
35974	0
35974	
32788;0;0;0
32785;0;1;Sollwinkel3.1976925224039
36028	0
36028	
32842;0;0;0
32839;0;1;Sollwinkel3.1976925224039
36089	0
36089	
32896;0;0;0
32893;0;1;Sollwinkel3.1976925224039
36136	0
36136	
32950;0;0;0
32947;0;1;Sollwinkel3.1976925224039
36203	0
36203	
33004;0;0;0
33001;0;1;Sollwinkel3.1976925224039
36244	0
36244	
33058;0;0;0
33055;0;1;Sollwinkel3.1976925224039
36300	0
36300	
33112;0;0;0
33109;0;1;Sollwinkel3.1976925224039
36354	0
36354	
33166;0;0;0
33163;0;1;Sollwinkel3.1976925224039
36408	0
36408	
33220;0;0;0
33217;0;1;Sollwinkel3.1976925224039
36462	0
36462	
33275;0;0;0
33271;0;1;Sollwinkel3.1976925224039
36517	0
36517	
33330;0;0;0
33326;0;1;Sollwinkel3.1976925224039
36582	0
36582	
33390;0;0;0
33386;0;1;Sollwinkel3.1976925224039
36630	0
36630	
33444;0;0;0
33441;0;1;Sollwinkel3.1976925224039
36684	0
36684	
33498;0;0;0
33495;0;1;Sollwinkel3.1976925224039
36738	0
36738	
33552;0;0;0
33549;0;1;Sollwinkel3.1976925224039
36792	0
36792	
33606;0;0;0
33603;0;1;Sollwinkel3.1976925224039
36846	0
36846	
33660;0;0;0
33657;0;1;Sollwinkel3.1976925224039
36912	0
36912	
33714;0;0;0
33711;0;1;Sollwinkel3.1976925224039
36954	0
36954	
33768;0;0;0
33765;0;1;Sollwinkel3.1976925224039
37008	0
37008	
33822;0;0;0
33819;0;1;Sollwinkel3.1976925224039
37062	0
37062	
33876;0;0;0
33873;0;1;Sollwinkel3.1976925224039
37116	0
37116	
33930;0;0;0
33927;0;1;Sollwinkel3.1976925224039
37170	0
37170	
33984;0;0;0
33981;0;1;Sollwinkel3.1976925224039
37224	0
37224	
34038;0;0;0
34035;0;1;Sollwinkel3.1976925224039
37285	0
37285	
34092;0;0;0
34089;0;1;Sollwinkel3.1976925224039
37334	0
37334	
34146;0;0;0
34143;0;1;Sollwinkel3.1976925224039
37388	0
37388	
34200;0;0;0
34197;0;1;Sollwinkel3.1976925224039
37442	0
37442	
34254;0;0;0
34251;0;1;Sollwinkel3.1976925224039
37493	0
37493	
34305;0;1;Sollwinkel3.1976925224039
38492	0
38492	
35307;0;0;1
38548	0
38548	
35362;0;0;1
35359;0;1;Sollwinkel3.1976925224039
38602	0
38602	
35416;0;0;1
35413;0;1;Sollwinkel3.1976925224039
38656	0
38656	
35470;0;0;1
35467;0;1;Sollwinkel3.1976925224039
38710	0
38710	
35524;0;0;1
35521;0;1;Sollwinkel3.1976925224039
38764	0
38764	
35578;0;0;1
35575;0;1;Sollwinkel3.1976925224039
38824	0
38824	
35632;0;0;1
35629;0;1;Sollwinkel3.1976925224039
38874	0
38874	
35686;0;0;1
35683;0;1;Sollwinkel3.1976925224039
38928	0
38928	
35740;0;0;1
35737;0;1;Sollwinkel3.1976925224039
38987	0
38987	
35795;0;0;1
35791;0;1;Sollwinkel3.1976925224039
39037	0
39037	
35850;0;0;1
35846;0;1;Sollwinkel3.1976925224039
39090	0
39090	
35904;0;0;1
35901;0;1;Sollwinkel3.1976925224039
39144	0
39144	
35958;0;0;1
35955;0;1;Sollwinkel3.1976925224039
39198	0
39198	
36012;0;0;1
36009;0;1;Sollwinkel3.1976925224039
39252	0
39252	
36066;0;0;1
36063;0;1;Sollwinkel3.1976925224039
39311	0
39311	
36120;0;0;1
36117;0;1;Sollwinkel3.1976925224039
39360	0
39360	
36174;0;0;1
36171;0;1;Sollwinkel3.1976925224039
39414	0
39414	
36228;0;0;1
36225;0;1;Sollwinkel3.1976925224039
39468	0
39468	
36282;0;0;1
36279;0;1;Sollwinkel3.1976925224039
39522	0
39522	
36336;0;0;1
36333;0;1;Sollwinkel3.1976925224039
39576	0
39576	
36390;0;0;1
36387;0;1;Sollwinkel3.1976925224039
39633	0
39633	
36444;0;0;1
36441;0;1;Sollwinkel3.1976925224039
39684	0
39684	
36498;0;0;1
36495;0;1;Sollwinkel3.1976925224039
39738	0
39738	
36552;0;0;1
36549;0;1;Sollwinkel3.1976925224039
39792	0
39792	
36606;0;0;1
36603;0;1;Sollwinkel3.1976925224039
39846	0
39846	
36660;0;0;1
36657;0;1;Sollwinkel3.1976925224039
39902	0
39902	
36714;0;0;1
36711;0;1;Sollwinkel3.1976925224039
39956	0
39956	
36768;0;0;1
36765;0;1;Sollwinkel3.1976925224039
40017	0
40017	
36822;0;0;1
36819;0;1;Sollwinkel3.1976925224039
40064	0
40064	
36876;0;0;1
36873;0;1;Sollwinkel3.1976925224039
40118	0
40118	
36931;0;0;1
36927;0;1;Sollwinkel3.1976925224039
40173	0
40173	
36986;0;0;1
36982;0;1;Sollwinkel3.1976925224039
40226	0
40226	
37040;0;0;1
37037;0;1;Sollwinkel3.1976925224039
40280	0
40280	
37094;0;0;1
37091;0;1;Sollwinkel3.1976925224039
40334	0
40334	
37148;0;0;1
37145;0;1;Sollwinkel3.1976925224039
40395	0
40395	
37202;0;0;1
37199;0;1;Sollwinkel3.1976925224039
40442	0
40442	
37256;0;0;1
37253;0;1;Sollwinkel3.1976925224039
40496	0
40496	
37310;0;0;1
37307;0;1;Sollwinkel3.1976925224039
40550	0
40550	
37364;0;0;1
37361;0;1;Sollwinkel3.1976925224039
40604	0
40604	
37418;0;0;1
37415;0;1;Sollwinkel3.1976925224039
40658	0
40658	
37472;0;0;1
37469;0;1;Sollwinkel3.1976925224039
40712	0
40712	
37526;0;0;1
37523;0;1;Sollwinkel3.1976925224039
40775	0
40775	
37586;0;0;1
37582;0;1;Sollwinkel3.1976925224039
40828	0
40828	
37640;0;0;1
37637;0;1;Sollwinkel3.1976925224039
40887	0
40887	
37694;0;0;1
37691;0;1;Sollwinkel3.1976925224039
40936	0
40936	
37748;0;0;1
37745;0;1;Sollwinkel3.1976925224039
40990	0
40990	
37803;0;0;1
37799;0;1;Sollwinkel3.1976925224039
41045	0
41045	
37858;0;0;1
37854;0;1;Sollwinkel3.1976925224039
41098	0
41098	
37912;0;0;1
37909;0;1;Sollwinkel3.1976925224039
41160	0
41160	
37972;0;0;1
37968;0;1;Sollwinkel3.1976925224039
41212	0
41212	
38026;0;0;1
38023;0;1;Sollwinkel3.1976925224039
41266	0
41266	
38080;0;0;1
38077;0;1;Sollwinkel3.1976925224039
41320	0
41320	
38134;0;0;1
38131;0;1;Sollwinkel3.1976925224039
41374	0
41374	
38188;0;0;1
38185;0;1;Sollwinkel3.1976925224039
41428	0
41428	
38242;0;0;1
38239;0;1;Sollwinkel3.1976925224039
41482	0
41482	
38296;0;0;1
38293;0;1;Sollwinkel3.1976925224039
41536	0
41536	
38350;0;0;1
38347;0;1;Sollwinkel3.1976925224039
41590	0
41590	
38404;0;0;1
38401;0;1;Sollwinkel3.1976925224039
41644	0
41644	
38458;0;0;1
38455;0;1;Sollwinkel3.1976925224039
41698	0
41698	
38512;0;0;1
38509;0;1;Sollwinkel3.1976925224039
41752	0
41752	
38566;0;0;1
38563;0;1;Sollwinkel3.1976925224039
41808	0
41808	
38620;0;0;1
38617;0;1;Sollwinkel3.1976925224039
41866	0
41866	
38674;0;0;1
38671;0;1;Sollwinkel3.1976925224039
41916	0
41916	
38728;0;0;1
38725;0;1;Sollwinkel3.1976925224039
41970	0
41970	
38783;0;0;1
38779;0;1;Sollwinkel3.1976925224039
42025	0
42025	
38838;0;0;1
38834;0;1;Sollwinkel3.1976925224039
42078	0
42078	
38892;0;0;1
38889;0;1;Sollwinkel3.1976925224039
42132	0
42132	
38946;0;0;1
38943;0;1;Sollwinkel3.1976925224039
42186	0
42186	
39000;0;0;1
38997;0;1;Sollwinkel3.1976925224039
42247	0
42247	
39054;0;0;1
39051;0;1;Sollwinkel3.1976925224039
42294	0
42294	
39108;0;0;1
39105;0;1;Sollwinkel3.1976925224039
42348	0
42348	
39162;0;0;1
39159;0;1;Sollwinkel3.1976925224039
42402	0
42402	
39216;0;0;1
39213;0;1;Sollwinkel3.1976925224039
42456	0
42456	
39270;0;0;1
39267;0;1;Sollwinkel3.1976925224039
42510	0
42510	
39324;0;0;1
39321;0;1;Sollwinkel3.1976925224039
42569	0
42569	
39378;0;0;1
39375;0;1;Sollwinkel3.1976925224039
42624	0
42624	
39429;0;1;Sollwinkel3.1976925224039
42677	0
42677	
39491;0;0;1
39488;0;1;Sollwinkel3.1976925224039
42731	0
42731	
39545;0;0;1
39542;0;1;Sollwinkel3.1976925224039
42787	0
42787	
39599;0;0;1
39596;0;1;Sollwinkel3.1976925224039
42841	0
42841	
39653;0;0;1
39650;0;1;Sollwinkel3.1976925224039
42895	0
42895	
39707;0;0;1
39704;0;1;Sollwinkel3.1976925224039
42949	0
42949	
39762;0;0;1
39758;0;1;Sollwinkel3.1976925224039
43012	0
43012	
39817;0;0;1
39813;0;1;Sollwinkel3.1976925224039
43057	0
43057	
39871;0;0;1
39868;0;1;Sollwinkel3.1976925224039
43111	0
43111	
39925;0;0;1
39922;0;1;Sollwinkel3.1976925224039
43165	0
43165	
39979;0;0;1
39976;0;1;Sollwinkel3.1976925224039
43219	0
43219	
40033;0;0;1
40030;0;1;Sollwinkel3.1976925224039
43273	0
43273	
40087;0;0;1
40084;0;1;Sollwinkel3.1976925224039
43327	0
43327	
40141;0;0;1
40138;0;1;Sollwinkel3.1976925224039
43381	0
43381	
40195;0;0;1
40192;0;1;Sollwinkel3.1976925224039
43435	0
43435	
40249;0;0;1
40246;0;1;Sollwinkel3.1976925224039
43489	0
43489	
40303;0;0;1
40300;0;1;Sollwinkel3.1976925224039
43543	0
43543	
40357;0;0;1
40354;0;1;Sollwinkel3.1976925224039
43597	0
43597	
40411;0;0;1
40408;0;1;Sollwinkel3.1976925224039
43651	0
43651	
40465;0;0;1
40462;0;1;Sollwinkel3.1976925224039
43714	0
43714	
40519;0;0;1
40516;0;1;Sollwinkel3.1976925224039
43759	0
43759	
40573;0;0;1
40570;0;1;Sollwinkel3.1976925224039
43813	0
43813	
40627;0;0;1
40624;0;1;Sollwinkel3.1976925224039
43869	0
43869	
40681;0;0;1
40678;0;1;Sollwinkel3.1976925224039
43923	0
43923	
40735;0;0;1
40732;0;1;Sollwinkel3.1976925224039
43977	0
43977	
40789;0;0;1
40786;0;1;Sollwinkel3.1976925224039
44031	0
44031	
40844;0;0;1
40840;0;1;Sollwinkel3.1976925224039
44103	0
44103	
40899;0;0;1
40895;0;1;Sollwinkel3.1976925224039
44139	0
44139	
40953;0;0;1
40950;0;1;Sollwinkel3.1976925224039
44193	0
44193	
41007;0;0;1
41004;0;1;Sollwinkel3.1976925224039
44247	0
44247	
41061;0;0;1
41058;0;1;Sollwinkel3.1976925224039
44308	0
44308	
41115;0;0;1
41112;0;1;Sollwinkel3.1976925224039
44355	0
44355	
41169;0;0;1
41166;0;1;Sollwinkel3.1976925224039
44409	0
44409	
41223;0;0;1
41220;0;1;Sollwinkel3.1976925224039
44463	0
44463	
41277;0;0;1
41274;0;1;Sollwinkel3.1976925224039
44517	0
44517	
41331;0;0;1
41328;0;1;Sollwinkel3.1976925224039
44571	0
44571	
41385;0;0;1
41382;0;1;Sollwinkel3.1976925224039
44629	0
44629	
41439;0;0;1
41436;0;1;Sollwinkel3.1976925224039
44679	0
44679	
41493;0;0;1
41490;0;1;Sollwinkel3.1976925224039
44733	0
44733	
41547;0;0;1
41544;0;1;Sollwinkel3.1976925224039
44787	0
44787	
41601;0;0;1
41598;0;1;Sollwinkel3.1976925224039
44841	0
44841	
41655;0;0;1
41652;0;1;Sollwinkel3.1976925224039
44895	0
44895	
41709;0;0;1
41706;0;1;Sollwinkel3.1976925224039
44951	0
44951	
41763;0;0;1
41760;0;1;Sollwinkel3.1976925224039
45005	0
45005	
41817;0;0;1
41814;0;1;Sollwinkel3.1976925224039
45059	0
45059	
41871;0;0;1
41868;0;1;Sollwinkel3.1976925224039
45113	0
45113	
41926;0;0;1
41922;0;1;Sollwinkel3.1976925224039
45168	0
45168	
41981;0;0;1
41977;0;1;Sollwinkel3.1976925224039
45221	0
45221	
42035;0;0;1
42032;0;1;Sollwinkel3.1976925224039
45275	0
45275	
42089;0;0;1
42086;0;1;Sollwinkel3.1976925224039
45335	0
45335	
42143;0;0;1
42140;0;1;Sollwinkel3.1976925224039
45383	0
45383	
42197;0;0;1
42194;0;1;Sollwinkel3.1976925224039
45434	0
45434	
42248;0;1;Sollwinkel3.1976925224039
46437	0
46437	
43250;0;0;2
46493	0
46493	
43305;0;0;2
43302;0;1;Sollwinkel3.1976925224039
46555	0
46555	
43360;0;0;2
43356;0;1;Sollwinkel3.1976925224039
46602	0
46602	
43415;0;0;2
43411;0;1;Sollwinkel3.1976925224039
46655	0
46655	
43469;0;0;2
43466;0;1;Sollwinkel3.1976925224039
46709	0
46709	
43523;0;0;2
43520;0;1;Sollwinkel3.1976925224039
46763	0
46763	
43577;0;0;2
43574;0;1;Sollwinkel3.1976925224039
46817	0
46817	
43631;0;0;2
43628;0;1;Sollwinkel3.1976925224039
46871	0
46871	
43685;0;0;2
43682;0;1;Sollwinkel3.1976925224039
46925	0
46925	
43739;0;0;2
43736;0;1;Sollwinkel3.1976925224039
46979	0
46979	
43793;0;0;2
43790;0;1;Sollwinkel3.1976925224039
47033	0
47033	
43847;0;0;2
43844;0;1;Sollwinkel3.1976925224039
47087	0
47087	
43901;0;0;2
43898;0;1;Sollwinkel3.1976925224039
47141	0
47141	
43955;0;0;2
43952;0;1;Sollwinkel3.1976925224039
47195	0
47195	
44009;0;0;2
44006;0;1;Sollwinkel3.1976925224039
47258	0
47258	
44063;0;0;2
44060;0;1;Sollwinkel3.1976925224039
47303	0
47303	
44117;0;0;2
44114;0;1;Sollwinkel3.1976925224039
47357	0
47357	
44171;0;0;2
44168;0;1;Sollwinkel3.1976925224039
47411	0
47411	
44225;0;0;2
44222;0;1;Sollwinkel3.1976925224039
47467	0
47467	
44279;0;0;2
44276;0;1;Sollwinkel3.1976925224039
47521	0
47521	
44333;0;0;2
44330;0;1;Sollwinkel3.1976925224039
47575	0
47575	
44387;0;0;2
44384;0;1;Sollwinkel3.1976925224039
47636	0
47636	
44442;0;0;2
44438;0;1;Sollwinkel3.1976925224039
47684	0
47684	
44497;0;0;2
44495;0;1;Sollwinkel3.1976925224039
47737	0
47737	
44551;0;0;2
44548;0;1;Sollwinkel3.1976925224039
47791	0
47791	
44605;0;0;2
44602;0;1;Sollwinkel3.1976925224039
47845	0
47845	
44659;0;0;2
44656;0;1;Sollwinkel3.1976925224039
47899	0
47899	
44713;0;0;2
44710;0;1;Sollwinkel3.1976925224039
47953	0
47953	
44767;0;0;2
44764;0;1;Sollwinkel3.1976925224039
48015	0
48015	
44827;0;0;2
44823;0;1;Sollwinkel3.1976925224039
48067	0
48067	
44881;0;0;2
44878;0;1;Sollwinkel3.1976925224039
48121	0
48121	
44935;0;0;2
44932;0;1;Sollwinkel3.1976925224039
48175	0
48175	
44989;0;0;2
44986;0;1;Sollwinkel3.1976925224039
48229	0
48229	
45043;0;0;2
45040;0;1;Sollwinkel3.1976925224039
48283	0
48283	
45097;0;0;2
45094;0;1;Sollwinkel3.1976925224039
48341	0
48341	
45151;0;0;2
45148;0;1;Sollwinkel3.1976925224039
48393	0
48393	
45205;0;0;2
45202;0;1;Sollwinkel3.1976925224039
48447	0
48447	
45259;0;0;2
45256;0;1;Sollwinkel3.1976925224039
48501	0
48501	
45314;0;0;2
45310;0;1;Sollwinkel3.1976925224039
48556	0
48556	
45369;0;0;2
45365;0;1;Sollwinkel3.1976925224039
48609	0
48609	
45423;0;0;2
45420;0;1;Sollwinkel3.1976925224039
48663	0
48663	
45477;0;0;2
45474;0;1;Sollwinkel3.1976925224039
48721	0
48721	
45531;0;0;2
45528;0;1;Sollwinkel3.1976925224039
48771	0
48771	
45585;0;0;2
45582;0;1;Sollwinkel3.1976925224039
48831	0
48831	
45639;0;0;2
45636;0;1;Sollwinkel3.1976925224039
48879	0
48879	
45693;0;0;2
45690;0;1;Sollwinkel3.1976925224039
48933	0
48933	
45747;0;0;2
45744;0;1;Sollwinkel3.1976925224039
48987	0
48987	
45801;0;0;2
45798;0;1;Sollwinkel3.1976925224039
49041	0
49041	
45855;0;0;2
45852;0;1;Sollwinkel3.1976925224039
49103	0
49103	
45909;0;0;2
45906;0;1;Sollwinkel3.1976925224039
49149	0
49149	
45963;0;0;2
45960;0;1;Sollwinkel3.1976925224039
49203	0
49203	
46017;0;0;2
46014;0;1;Sollwinkel3.1976925224039
49257	0
49257	
46071;0;0;2
46068;0;1;Sollwinkel3.1976925224039
49311	0
49311	
46125;0;0;2
46122;0;1;Sollwinkel3.1976925224039
49367	0
49367	
46179;0;0;2
46176;0;1;Sollwinkel3.1976925224039
49421	0
49421	
46233;0;0;2
46230;0;1;Sollwinkel3.1976925224039
49482	0
49482	
46287;0;0;2
46284;0;1;Sollwinkel3.1976925224039
49529	0
49529	
46341;0;0;2
46338;0;1;Sollwinkel3.1976925224039
49583	0
49583	
46396;0;0;2
46392;0;1;Sollwinkel3.1976925224039
49638	0
49638	
46451;0;0;2
46447;0;1;Sollwinkel3.1976925224039
49691	0
49691	
46505;0;0;2
46502;0;1;Sollwinkel3.1976925224039
49745	0
49745	
46559;0;0;2
46556;0;1;Sollwinkel3.1976925224039
49799	0
49799	
46613;0;0;2
46610;0;1;Sollwinkel3.1976925224039
49853	0
49853	
46667;0;0;2
46664;0;1;Sollwinkel3.1976925224039
49907	0
49907	
46721;0;0;2
46718;0;1;Sollwinkel3.1976925224039
49961	0
49961	
46775;0;0;2
46772;0;1;Sollwinkel3.1976925224039
50015	0
50015	
46829;0;0;2
46826;0;1;Sollwinkel3.1976925224039
50069	0
50069	
46883;0;0;2
46880;0;1;Sollwinkel3.1976925224039
50123	0
50123	
46937;0;0;2
46934;0;1;Sollwinkel3.1976925224039
50183	0
50183	
46991;0;0;2
46988;0;1;Sollwinkel3.1976925224039
50231	0
50231	
47045;0;0;2
47042;0;1;Sollwinkel3.1976925224039
50285	0
50285	
47099;0;0;2
47096;0;1;Sollwinkel3.1976925224039
50339	0
50339	
47153;0;0;2
47150;0;1;Sollwinkel3.1976925224039
50393	0
50393	
47207;0;0;2
47204;0;1;Sollwinkel3.1976925224039
50447	0
50447	
47261;0;0;2
47258;0;1;Sollwinkel3.1976925224039
50509	0
50509	
47315;0;0;2
47312;0;1;Sollwinkel3.1976925224039
50564	0
50564	
47378;0;0;2
47371;0;1;Sollwinkel3.1976925224039
50619	0
50619	
47432;0;0;2
47430;0;1;Sollwinkel3.1976925224039
50672	0
50672	
47486;0;0;2
47483;0;1;Sollwinkel3.1976925224039
50736	0
50736	
47540;0;0;2
47537;0;1;Sollwinkel3.1976925224039
50780	0
50780	
47594;0;0;2
47591;0;1;Sollwinkel3.1976925224039
50834	0
50834	
47648;0;0;2
47645;0;1;Sollwinkel3.1976925224039
50888	0
50888	
47702;0;0;2
47699;0;1;Sollwinkel3.1976925224039
50942	0
50942	
47756;0;0;2
47753;0;1;Sollwinkel3.1976925224039
50996	0
50996	
47810;0;0;2
47807;0;1;Sollwinkel3.1976925224039
51061	0
51061	
47864;0;0;2
47861;0;1;Sollwinkel3.1976925224039
51104	0
51104	
47918;0;0;2
47915;0;1;Sollwinkel3.1976925224039
51158	0
51158	
47972;0;0;2
47969;0;1;Sollwinkel3.1976925224039
51212	0
51212	
48026;0;0;2
48023;0;1;Sollwinkel3.1976925224039
51266	0
51266	
48080;0;0;2
48077;0;1;Sollwinkel3.1976925224039
51320	0
51320	
48134;0;0;2
48131;0;1;Sollwinkel3.1976925224039
51378	0
51378	
48188;0;0;2
48185;0;1;Sollwinkel3.1976925224039
51430	0
51430	
48242;0;0;2
48239;0;1;Sollwinkel3.1976925224039
51484	0
51484	
48296;0;0;2
48293;0;1;Sollwinkel3.1976925224039
51538	0
51538	
48350;0;0;2
48347;0;1;Sollwinkel3.1976925224039
51592	0
51592	
48405;0;0;2
48401;0;1;Sollwinkel3.1976925224039
51647	0
51647	
48460;0;0;2
48456;0;1;Sollwinkel3.1976925224039
51700	0
51700	
48514;0;0;2
48511;0;1;Sollwinkel3.1976925224039
51762	0
51762	
48568;0;0;2
48565;0;1;Sollwinkel3.1976925224039
51808	0
51808	
48622;0;0;2
48619;0;1;Sollwinkel3.1976925224039
51862	0
51862	
48676;0;0;2
48673;0;1;Sollwinkel3.1976925224039
51916	0
51916	
48730;0;0;2
48727;0;1;Sollwinkel3.1976925224039
51970	0
51970	
48784;0;0;2
48781;0;1;Sollwinkel3.1976925224039
52024	0
52024	
48838;0;0;2
48835;0;1;Sollwinkel3.1976925224039
52078	0
52078	
48892;0;0;2
48889;0;1;Sollwinkel3.1976925224039
52140	0
52140	
48946;0;0;2
48943;0;1;Sollwinkel3.1976925224039
52192	0
52192	
49000;0;0;2
48997;0;1;Sollwinkel3.1976925224039
52240	0
52240	
49054;0;0;2
49051;0;1;Sollwinkel3.1976925224039
52294	0
52294	
49108;0;0;2
49105;0;1;Sollwinkel3.1976925224039
52348	0
52348	
49162;0;0;2
49159;0;1;Sollwinkel3.1976925224039
52402	0
52402	
49216;0;0;2
49213;0;1;Sollwinkel3.1976925224039
52456	0
52456	
49270;0;0;2
49267;0;1;Sollwinkel3.1976925224039
52515	0
52515	
49321;0;1;Sollwinkel3.1976925224039
53508	0
53508	
50323;0;0;3
53564	0
53564	
50378;0;0;3
50375;0;1;Sollwinkel3.1976925224039
53618	0
53618	
50432;0;0;3
50429;0;1;Sollwinkel3.1976925224039
53672	0
53672	
50486;0;0;3
50483;0;1;Sollwinkel3.1976925224039
53726	0
53726	
50540;0;0;3
50537;0;1;Sollwinkel3.1976925224039
53780	0
53780	
50594;0;0;3
50591;0;1;Sollwinkel3.1976925224039
53834	0
53834	
50648;0;0;3
50645;0;1;Sollwinkel3.1976925224039
53888	0
53888	
50702;0;0;3
50699;0;1;Sollwinkel3.1976925224039
53944	0
53944	
50756;0;0;3
50753;0;1;Sollwinkel3.1976925224039
53998	0
53998	
50810;0;0;3
50807;0;1;Sollwinkel3.1976925224039
54056	0
54056	
50864;0;0;3
50861;0;1;Sollwinkel3.1976925224039
54106	0
54106	
50919;0;0;3
50915;0;1;Sollwinkel3.1976925224039
54161	0
54161	
50974;0;0;3
50970;0;1;Sollwinkel3.1976925224039
54214	0
54214	
51028;0;0;3
51025;0;1;Sollwinkel3.1976925224039
54268	0
54268	
51082;0;0;3
51079;0;1;Sollwinkel3.1976925224039
54322	0
54322	
51136;0;0;3
51133;0;1;Sollwinkel3.1976925224039
54376	0
54376	
51190;0;0;3
51187;0;1;Sollwinkel3.1976925224039
54436	0
54436	
51244;0;0;3
51241;0;1;Sollwinkel3.1976925224039
54484	0
54484	
51298;0;0;3
51295;0;1;Sollwinkel3.1976925224039
54538	0
54538	
51352;0;0;3
51349;0;1;Sollwinkel3.1976925224039
54592	0
54592	
51406;0;0;3
51403;0;1;Sollwinkel3.1976925224039
54646	0
54646	
51460;0;0;3
51457;0;1;Sollwinkel3.1976925224039
54700	0
54700	
51514;0;0;3
51511;0;1;Sollwinkel3.1976925224039
54754	0
54754	
51568;0;0;3
51565;0;1;Sollwinkel3.1976925224039
54818	0
54818	
51622;0;0;3
51619;0;1;Sollwinkel3.1976925224039
54862	0
54862	
51676;0;0;3
51673;0;1;Sollwinkel3.1976925224039
54916	0
54916	
51730;0;0;3
51727;0;1;Sollwinkel3.1976925224039
54970	0
54970	
51784;0;0;3
51781;0;1;Sollwinkel3.1976925224039
55026	0
55026	
51838;0;0;3
51835;0;1;Sollwinkel3.1976925224039
55080	0
55080	
51892;0;0;3
51889;0;1;Sollwinkel3.1976925224039
55138	0
55138	
51946;0;0;3
51943;0;1;Sollwinkel3.1976925224039
55188	0
55188	
52001;0;0;3
51997;0;1;Sollwinkel3.1976925224039
55243	0
55243	
52056;0;0;3
52052;0;1;Sollwinkel3.1976925224039
55296	0
55296	
52110;0;0;3
52107;0;1;Sollwinkel3.1976925224039
55350	0
55350	
52164;0;0;3
52161;0;1;Sollwinkel3.1976925224039
55404	0
55404	
52218;0;0;3
52215;0;1;Sollwinkel3.1976925224039
55458	0
55458	
52272;0;0;3
52269;0;1;Sollwinkel3.1976925224039
55516	0
55516	
52326;0;0;3
52323;0;1;Sollwinkel3.1976925224039
55566	0
55566	
52380;0;0;3
52377;0;1;Sollwinkel3.1976925224039
55620	0
55620	
52434;0;0;3
52431;0;1;Sollwinkel3.1976925224039
55674	0
55674	
52488;0;0;3
52485;0;1;Sollwinkel3.1976925224039
55728	0
55728	
52542;0;0;3
52539;0;1;Sollwinkel3.1976925224039
55782	0
55782	
52596;0;0;3
52593;0;1;Sollwinkel3.1976925224039
55836	0
55836	
52650;0;0;3
52647;0;1;Sollwinkel3.1976925224039
55904	0
55904	
52704;0;0;3
52701;0;1;Sollwinkel3.1976925224039
55944	0
55944	
52758;0;0;3
52755;0;1;Sollwinkel3.1976925224039
55998	0
55998	
52812;0;0;3
52809;0;1;Sollwinkel3.1976925224039
56052	0
56052	
52866;0;0;3
52863;0;1;Sollwinkel3.1976925224039
56108	0
56108	
52920;0;0;3
52917;0;1;Sollwinkel3.1976925224039
56162	0
56162	
52974;0;0;3
52971;0;1;Sollwinkel3.1976925224039
56216	0
56216	
53028;0;0;3
53025;0;1;Sollwinkel3.1976925224039
56278	0
56278	
53083;0;0;3
53079;0;1;Sollwinkel3.1976925224039
56325	0
56325	
53138;0;0;3
53134;0;1;Sollwinkel3.1976925224039
56378	0
56378	
53192;0;0;3
53189;0;1;Sollwinkel3.1976925224039
56432	0
56432	
53246;0;0;3
53243;0;1;Sollwinkel3.1976925224039
56486	0
56486	
53300;0;0;3
53297;0;1;Sollwinkel3.1976925224039
56540	0
56540	
53354;0;0;3
53351;0;1;Sollwinkel3.1976925224039
56594	0
56594	
53408;0;0;3
53405;0;1;Sollwinkel3.1976925224039
56648	0
56648	
53462;0;0;3
53459;0;1;Sollwinkel3.1976925224039
56702	0
56702	
53516;0;0;3
53513;0;1;Sollwinkel3.1976925224039
56756	0
56756	
53570;0;0;3
53567;0;1;Sollwinkel3.1976925224039
56810	0
56810	
53624;0;0;3
53621;0;1;Sollwinkel3.1976925224039
56861	0
56861	
53675;0;1;Sollwinkel3.1976925224039
57862	0
57862	
54677;0;0;4
57917	0
57917	
54731;0;0;4
54729;0;1;Sollwinkel3.1976925224039
